3
13
3	3	3	3	3	3	3	3	3	3	3	3	3	
11
0	0	0	0	0	0	0	0	0	0	0	0	1	
0	0	0	0	0	0	0	0	0	0	2	0	0	
0	0	0	0	0	0	0	2	0	0	0	0	0	
0	0	0	0	0	0	0	0	0	0	0	2	0	
0	0	0	0	3	0	0	0	0	0	0	0	0	
0	0	3	0	0	0	0	0	0	0	0	0	0	
0	0	0	0	0	1	0	0	0	0	0	0	0	
0	0	0	0	3	0	0	0	0	0	0	0	0	
0	0	0	0	0	3	0	0	0	0	0	0	0	
0	0	0	1	0	0	0	0	0	0	0	0	0	
3	0	0	0	0	0	0	0	0	0	0	0	0	
16
0	7
0	1
7	3
7	6
1	2
1	10
3	8
3	10
6	10
6	9
6	4
2	5
8	10
9	10
4	10
5	10
11
0	0	0	0	0	0	0	0	0	0	0	0	1	
0	0	0	0	0	0	0	0	2	0	0	0	0	
0	0	0	0	0	0	3	0	0	0	0	0	0	
0	0	0	0	0	0	0	0	0	2	0	0	0	
0	0	0	0	2	0	0	0	0	0	0	0	0	
2	0	0	0	0	0	0	0	0	0	0	0	0	
0	0	0	1	0	0	0	0	0	0	0	0	0	
3	0	0	0	0	0	0	0	0	0	0	0	0	
0	0	0	0	0	0	0	0	0	0	0	0	3	
0	0	0	0	0	1	0	0	0	0	0	0	0	
0	0	0	0	0	0	0	0	0	0	1	0	0	
17
0	4
0	2
0	10
4	5
4	7
4	1
2	8
2	6
2	9
5	3
5	10
7	10
1	10
8	10
6	10
9	10
3	10
11
0	0	0	0	0	2	0	0	0	0	0	0	0	
0	0	0	0	0	0	0	0	1	0	0	0	0	
0	0	0	0	0	0	2	0	0	0	0	0	0	
0	0	0	0	3	0	0	0	0	0	0	0	0	
0	0	0	0	0	2	0	0	0	0	0	0	0	
0	3	0	0	0	0	0	0	0	0	0	0	0	
0	0	0	0	0	0	0	0	3	0	0	0	0	
2	0	0	0	0	0	0	0	0	0	0	0	0	
0	0	0	0	0	0	0	0	0	0	3	0	0	
0	0	0	0	1	0	0	0	0	0	0	0	0	
0	0	0	0	0	0	0	0	2	0	0	0	0	
16
0	7
0	1
0	9
7	3
7	4
7	2
1	5
9	10
3	8
3	10
3	6
4	10
2	10
5	10
8	10
6	10
