3
9
5	5	5	5	5	5	5	5	5	
15
0	0	0	0	4	0	0	0	0	
0	0	0	5	0	0	0	0	0	
0	0	0	0	0	0	3	0	0	
0	0	0	0	4	0	0	0	0	
0	0	0	0	0	0	0	1	0	
0	0	0	0	0	5	0	0	0	
0	0	0	0	0	0	0	3	0	
0	1	0	0	0	0	0	0	0	
0	0	3	0	0	0	0	0	0	
3	0	0	0	0	0	0	0	0	
0	0	0	0	0	0	0	3	0	
0	0	0	0	0	0	0	0	3	
0	0	0	0	0	0	0	4	0	
0	0	3	0	0	0	0	0	0	
5	0	0	0	0	0	0	0	0	
21
0	5
0	13
5	7
5	6
13	3
13	11
7	4
7	12
6	2
6	10
6	9
3	1
11	8
11	14
4	14
12	14
2	14
10	14
9	14
1	14
8	14
15
0	2	0	0	0	0	0	0	0	
0	0	0	3	0	0	0	0	0	
0	0	0	0	0	0	0	4	0	
0	0	0	4	0	0	0	0	0	
0	3	0	0	0	0	0	0	0	
0	0	0	0	0	0	0	0	2	
0	0	0	0	0	1	0	0	0	
0	0	0	0	0	0	1	0	0	
0	0	0	0	0	0	0	0	4	
0	0	0	4	0	0	0	0	0	
0	0	0	0	0	0	0	5	0	
0	0	0	4	0	0	0	0	0	
3	0	0	0	0	0	0	0	0	
0	0	0	0	5	0	0	0	0	
1	0	0	0	0	0	0	0	0	
22
0	2
2	11
2	13
11	14
13	3
3	10
3	8
3	7
10	4
10	14
10	5
8	1
8	6
7	14
4	12
4	14
4	9
5	14
1	14
6	14
12	14
9	14
15
0	3	0	0	0	0	0	0	0	
0	0	0	0	0	4	0	0	0	
0	0	0	0	0	0	0	0	2	
0	0	0	0	0	0	1	0	0	
0	5	0	0	0	0	0	0	0	
0	0	0	3	0	0	0	0	0	
0	0	0	0	0	0	3	0	0	
0	0	2	0	0	0	0	0	0	
0	0	0	0	0	0	0	1	0	
0	0	0	0	1	0	0	0	0	
0	0	0	0	0	0	0	0	5	
0	0	2	0	0	0	0	0	0	
0	0	0	0	0	5	0	0	0	
0	0	0	0	0	0	0	4	0	
0	0	0	0	0	0	0	0	3	
20
0	3
3	5
5	4
4	10
4	1
4	13
10	9
1	11
1	2
1	12
13	8
13	7
13	6
9	14
11	14
2	14
12	14
8	14
7	14
6	14
