3
14
1	1	1	1	1	1	1	1	1	1	1	1	1	1	
14
0	0	0	0	0	0	0	0	1	0	0	0	0	0	
0	0	0	0	0	0	0	0	0	0	0	0	1	0	
0	0	0	0	0	0	0	0	0	0	0	0	0	1	
0	0	0	1	0	0	0	0	0	0	0	0	0	0	
0	0	0	0	0	0	0	0	0	0	1	0	0	0	
0	1	0	0	0	0	0	0	0	0	0	0	0	0	
0	0	0	0	0	0	0	0	0	0	0	0	1	0	
0	0	0	0	0	0	1	0	0	0	0	0	0	0	
0	0	0	0	0	0	0	0	0	1	0	0	0	0	
0	0	0	0	0	0	0	0	0	0	0	0	0	1	
0	0	0	0	0	0	0	0	1	0	0	0	0	0	
0	0	1	0	0	0	0	0	0	0	0	0	0	0	
0	0	0	0	0	0	0	0	0	0	0	0	0	1	
0	0	0	0	0	1	0	0	0	0	0	0	0	0	
20
0	10
0	11
10	2
10	7
11	5
11	3
2	6
2	4
7	13
7	12
7	8
5	1
3	9
3	13
6	13
4	13
12	13
8	13
1	13
9	13
14
0	0	0	0	0	0	1	0	0	0	0	0	0	0	
0	1	0	0	0	0	0	0	0	0	0	0	0	0	
0	0	0	1	0	0	0	0	0	0	0	0	0	0	
0	0	0	0	0	0	0	0	0	0	0	0	1	0	
0	0	0	0	0	0	0	0	0	0	1	0	0	0	
0	0	0	0	0	0	0	0	0	0	0	0	1	0	
0	0	0	0	0	0	0	0	0	1	0	0	0	0	
0	0	1	0	0	0	0	0	0	0	0	0	0	0	
0	1	0	0	0	0	0	0	0	0	0	0	0	0	
0	0	0	0	0	0	0	1	0	0	0	0	0	0	
0	0	0	0	0	0	0	0	0	0	0	1	0	0	
0	0	0	0	0	0	1	0	0	0	0	0	0	0	
0	0	0	0	0	0	0	0	0	1	0	0	0	0	
0	0	0	0	0	0	0	0	1	0	0	0	0	0	
19
0	6
6	2
2	4
2	5
4	1
5	13
1	7
1	13
1	9
7	3
7	12
7	11
9	13
9	8
3	10
12	13
11	13
8	13
10	13
14
0	0	0	1	0	0	0	0	0	0	0	0	0	0	
0	0	0	0	0	0	1	0	0	0	0	0	0	0	
0	0	0	0	0	0	0	0	0	0	1	0	0	0	
0	0	0	0	0	0	0	0	0	0	0	0	1	0	
0	0	0	0	0	0	0	1	0	0	0	0	0	0	
0	0	0	0	0	1	0	0	0	0	0	0	0	0	
0	0	0	0	0	0	1	0	0	0	0	0	0	0	
1	0	0	0	0	0	0	0	0	0	0	0	0	0	
0	0	0	0	0	0	0	1	0	0	0	0	0	0	
0	0	0	0	0	0	0	0	0	1	0	0	0	0	
0	0	0	0	1	0	0	0	0	0	0	0	0	0	
0	0	1	0	0	0	0	0	0	0	0	0	0	0	
0	0	0	0	0	0	0	0	0	0	0	0	1	0	
0	0	0	0	0	1	0	0	0	0	0	0	0	0	
19
0	5
0	11
0	6
5	7
5	1
5	12
11	8
6	4
7	10
7	9
7	3
1	2
12	13
8	13
4	13
10	13
9	13
3	13
2	13
