3
14
4	4	4	4	4	4	4	4	4	4	4	4	4	4	
12
3	0	0	0	0	0	0	0	0	0	0	0	0	0	
0	0	3	0	0	0	0	0	0	0	0	0	0	0	
0	0	0	0	0	0	2	0	0	0	0	0	0	0	
0	0	0	0	0	2	0	0	0	0	0	0	0	0	
3	0	0	0	0	0	0	0	0	0	0	0	0	0	
0	0	0	0	0	0	0	0	0	0	0	0	2	0	
0	0	0	0	0	0	0	4	0	0	0	0	0	0	
0	0	0	0	0	4	0	0	0	0	0	0	0	0	
0	0	0	0	0	0	3	0	0	0	0	0	0	0	
0	0	0	0	0	0	0	0	0	0	0	0	4	0	
3	0	0	0	0	0	0	0	0	0	0	0	0	0	
0	0	0	0	0	0	0	4	0	0	0	0	0	0	
17
0	11
0	8
8	4
8	10
4	6
4	2
10	5
10	7
6	11
6	9
6	1
2	3
5	11
7	11
9	11
1	11
3	11
12
0	0	0	0	0	0	0	4	0	0	0	0	0	0	
0	0	0	0	1	0	0	0	0	0	0	0	0	0	
0	0	0	0	0	3	0	0	0	0	0	0	0	0	
0	0	0	0	0	0	0	0	2	0	0	0	0	0	
0	0	0	0	0	0	2	0	0	0	0	0	0	0	
0	1	0	0	0	0	0	0	0	0	0	0	0	0	
0	0	0	0	0	4	0	0	0	0	0	0	0	0	
0	0	0	0	0	0	0	1	0	0	0	0	0	0	
0	0	0	3	0	0	0	0	0	0	0	0	0	0	
0	0	0	0	0	0	0	0	2	0	0	0	0	0	
0	0	0	0	0	0	3	0	0	0	0	0	0	0	
0	0	0	0	0	0	0	0	0	0	2	0	0	0	
16
0	11
0	10
10	3
3	7
7	2
2	5
2	9
5	8
9	11
8	4
8	11
8	1
4	6
4	11
1	11
6	11
12
0	0	0	0	0	0	0	0	0	0	2	0	0	0	
0	0	0	0	0	0	0	0	0	2	0	0	0	0	
0	0	0	0	0	0	4	0	0	0	0	0	0	0	
0	0	0	0	0	0	0	0	0	0	0	0	4	0	
0	1	0	0	0	0	0	0	0	0	0	0	0	0	
0	0	0	0	0	0	0	0	4	0	0	0	0	0	
0	0	0	0	0	0	0	0	0	0	0	4	0	0	
0	0	0	0	0	3	0	0	0	0	0	0	0	0	
0	3	0	0	0	0	0	0	0	0	0	0	0	0	
0	0	0	0	0	0	0	0	0	2	0	0	0	0	
0	3	0	0	0	0	0	0	0	0	0	0	0	0	
0	0	0	2	0	0	0	0	0	0	0	0	0	0	
16
0	7
7	8
7	5
7	2
8	9
5	4
2	3
2	6
2	10
9	1
9	11
4	11
3	11
6	11
10	11
1	11
