3
14
1	1	1	1	1	1	1	1	1	1	1	1	1	1	
9
0	1	0	0	0	0	0	0	0	0	0	0	0	0	
0	0	0	0	0	1	0	0	0	0	0	0	0	0	
0	0	0	0	0	0	1	0	0	0	0	0	0	0	
1	0	0	0	0	0	0	0	0	0	0	0	0	0	
0	0	0	1	0	0	0	0	0	0	0	0	0	0	
0	0	0	0	0	0	0	0	1	0	0	0	0	0	
0	0	0	0	0	0	0	0	0	0	0	0	0	1	
0	0	0	0	0	0	0	0	1	0	0	0	0	0	
0	0	0	0	0	1	0	0	0	0	0	0	0	0	
8
0	1
1	2
2	3
3	4
4	5
5	6
6	7
7	8
9
0	0	0	0	0	0	0	0	0	0	1	0	0	0	
0	0	0	0	0	0	0	1	0	0	0	0	0	0	
0	1	0	0	0	0	0	0	0	0	0	0	0	0	
0	0	0	0	0	0	0	0	0	0	0	1	0	0	
0	0	0	0	0	0	0	0	1	0	0	0	0	0	
0	0	1	0	0	0	0	0	0	0	0	0	0	0	
1	0	0	0	0	0	0	0	0	0	0	0	0	0	
0	0	0	0	0	0	0	0	0	0	0	0	1	0	
0	1	0	0	0	0	0	0	0	0	0	0	0	0	
8
0	1
1	2
2	3
3	4
4	5
5	6
6	7
7	8
9
0	0	0	0	0	0	0	0	0	0	0	1	0	0	
0	1	0	0	0	0	0	0	0	0	0	0	0	0	
0	0	0	0	0	0	1	0	0	0	0	0	0	0	
1	0	0	0	0	0	0	0	0	0	0	0	0	0	
0	0	0	0	0	0	0	0	0	1	0	0	0	0	
0	0	0	0	0	0	0	0	0	0	0	0	0	1	
0	0	0	0	0	0	0	0	0	0	0	1	0	0	
0	0	0	0	0	1	0	0	0	0	0	0	0	0	
0	0	0	0	0	0	1	0	0	0	0	0	0	0	
8
0	1
1	2
2	3
3	4
4	5
5	6
6	7
7	8
