3
7
2	2	2	2	2	2	2	
10
0	0	0	0	0	0	1	
0	0	0	0	1	0	0	
0	0	0	0	0	2	0	
2	0	0	0	0	0	0	
0	0	1	0	0	0	0	
0	2	0	0	0	0	0	
0	0	2	0	0	0	0	
0	0	0	0	0	1	0	
0	0	0	0	0	0	2	
0	1	0	0	0	0	0	
14
0	8
0	2
8	3
8	4
2	6
2	5
3	9
3	7
4	9
4	1
6	9
5	9
7	9
1	9
10
2	0	0	0	0	0	0	
0	0	0	0	0	0	1	
0	0	0	0	1	0	0	
0	2	0	0	0	0	0	
0	0	0	0	0	0	1	
0	0	0	0	0	2	0	
0	0	0	1	0	0	0	
0	0	0	0	0	0	2	
0	0	0	0	0	2	0	
1	0	0	0	0	0	0	
1
0	9
10
0	0	0	1	0	0	0	
0	1	0	0	0	0	0	
2	0	0	0	0	0	0	
0	0	0	0	0	1	0	
1	0	0	0	0	0	0	
0	0	0	0	1	0	0	
0	0	1	0	0	0	0	
1	0	0	0	0	0	0	
0	0	0	0	0	1	0	
0	0	2	0	0	0	0	
15
0	9
0	4
0	2
4	8
4	1
2	7
8	9
8	5
8	3
1	6
1	9
7	9
5	9
3	9
6	9
