3
10
2	2	2	2	2	2	2	2	2	2	
8
0	0	0	0	0	0	0	0	2	0	
0	0	0	0	0	2	0	0	0	0	
0	1	0	0	0	0	0	0	0	0	
0	0	0	0	0	0	1	0	0	0	
2	0	0	0	0	0	0	0	0	0	
0	0	0	0	0	0	2	0	0	0	
0	2	0	0	0	0	0	0	0	0	
0	0	0	1	0	0	0	0	0	0	
11
0	5
0	4
5	6
5	7
4	1
4	2
6	3
6	7
1	7
2	7
3	7
8
0	0	0	0	0	0	2	0	0	0	
0	0	0	0	1	0	0	0	0	0	
0	0	0	0	0	0	0	0	2	0	
0	0	2	0	0	0	0	0	0	0	
0	0	0	0	0	0	1	0	0	0	
0	0	0	0	0	0	0	0	1	0	
0	0	0	0	0	0	0	0	0	1	
0	0	0	0	2	0	0	0	0	0	
13
0	3
0	7
3	5
3	7
3	4
5	6
5	2
5	7
4	7
4	1
6	7
2	7
1	7
8
0	0	0	0	0	0	0	0	2	0	
0	0	0	2	0	0	0	0	0	0	
0	0	0	0	0	0	0	0	0	1	
0	0	0	0	0	0	0	1	0	0	
0	0	0	0	0	0	0	0	0	1	
2	0	0	0	0	0	0	0	0	0	
0	0	0	0	0	0	0	0	0	1	
0	2	0	0	0	0	0	0	0	0	
10
0	3
0	5
3	2
5	1
5	6
5	4
2	7
1	7
6	7
4	7
