3
8
5	5	5	5	5	5	5	5	
7
0	0	0	0	0	0	0	1	
0	0	0	0	3	0	0	0	
0	0	0	0	0	5	0	0	
2	0	0	0	0	0	0	0	
0	0	0	0	0	0	4	0	
0	0	0	1	0	0	0	0	
0	0	0	0	0	0	5	0	
9
0	5
0	3
5	2
5	4
3	1
3	6
2	6
4	6
1	6
7
0	0	5	0	0	0	0	0	
0	0	0	4	0	0	0	0	
0	3	0	0	0	0	0	0	
0	0	0	0	0	0	0	1	
0	0	0	0	0	3	0	0	
0	0	0	0	0	0	4	0	
5	0	0	0	0	0	0	0	
10
0	1
0	3
1	2
1	6
3	4
3	6
3	5
2	6
4	6
5	6
7
0	0	0	2	0	0	0	0	
0	0	0	0	0	0	0	5	
0	0	0	0	0	5	0	0	
0	0	0	0	0	0	3	0	
0	0	0	1	0	0	0	0	
0	2	0	0	0	0	0	0	
0	0	3	0	0	0	0	0	
2
0	1
1	6
