3
13
1	1	1	1	1	1	1	1	1	1	1	1	1	
7
0	0	0	0	0	0	1	0	0	0	0	0	0	
0	0	0	0	1	0	0	0	0	0	0	0	0	
0	0	0	0	0	0	0	1	0	0	0	0	0	
0	0	0	0	0	0	1	0	0	0	0	0	0	
0	0	0	0	0	0	0	0	0	0	0	0	1	
0	0	0	0	0	0	0	0	0	0	1	0	0	
0	1	0	0	0	0	0	0	0	0	0	0	0	
6
0	1
1	2
2	3
3	4
4	5
5	6
7
0	0	0	0	0	0	0	0	0	0	0	1	0	
0	0	0	0	0	0	0	0	0	0	0	0	1	
0	0	0	0	0	0	0	0	0	1	0	0	0	
0	0	0	0	0	0	1	0	0	0	0	0	0	
0	0	0	0	0	0	0	0	0	1	0	0	0	
1	0	0	0	0	0	0	0	0	0	0	0	0	
0	0	0	0	0	1	0	0	0	0	0	0	0	
6
0	1
1	2
2	3
3	4
4	5
5	6
7
1	0	0	0	0	0	0	0	0	0	0	0	0	
0	0	0	0	0	0	0	0	0	1	0	0	0	
0	0	0	1	0	0	0	0	0	0	0	0	0	
0	0	0	0	1	0	0	0	0	0	0	0	0	
0	0	0	0	0	0	1	0	0	0	0	0	0	
0	0	0	0	0	0	0	0	0	0	1	0	0	
0	0	1	0	0	0	0	0	0	0	0	0	0	
6
0	1
1	2
2	3
3	4
4	5
5	6
