3
11
2	2	2	2	2	2	2	2	2	2	2	
13
0	0	0	0	0	2	0	0	0	0	0	
0	0	0	0	0	0	0	0	0	2	0	
0	0	0	0	0	0	2	0	0	0	0	
0	0	0	0	0	1	0	0	0	0	0	
0	0	0	0	2	0	0	0	0	0	0	
0	0	0	1	0	0	0	0	0	0	0	
0	0	0	0	2	0	0	0	0	0	0	
0	0	0	0	0	0	0	0	0	2	0	
0	0	0	0	0	0	0	1	0	0	0	
0	0	0	0	2	0	0	0	0	0	0	
0	0	0	0	0	0	0	0	1	0	0	
0	0	1	0	0	0	0	0	0	0	0	
0	0	0	0	0	0	2	0	0	0	0	
18
0	11
0	7
11	4
11	10
7	6
7	2
4	5
4	8
10	12
10	9
10	1
6	3
2	12
5	12
8	12
9	12
1	12
3	12
13
2	0	0	0	0	0	0	0	0	0	0	
0	0	0	0	0	0	0	0	0	1	0	
0	0	1	0	0	0	0	0	0	0	0	
0	0	0	0	0	0	0	0	0	0	1	
0	0	0	0	0	0	0	0	0	1	0	
0	0	2	0	0	0	0	0	0	0	0	
0	0	0	0	2	0	0	0	0	0	0	
0	0	0	2	0	0	0	0	0	0	0	
0	0	0	0	0	2	0	0	0	0	0	
0	0	0	0	1	0	0	0	0	0	0	
0	0	0	2	0	0	0	0	0	0	0	
0	0	0	0	0	0	0	0	0	0	1	
0	0	0	0	2	0	0	0	0	0	0	
19
0	7
0	12
0	10
7	9
7	2
7	1
10	5
10	8
9	4
2	3
2	11
2	6
1	12
5	12
8	12
4	12
3	12
11	12
6	12
13
0	0	0	0	0	0	1	0	0	0	0	
0	0	0	0	2	0	0	0	0	0	0	
0	0	0	0	0	0	0	0	0	0	1	
0	2	0	0	0	0	0	0	0	0	0	
0	0	0	0	0	1	0	0	0	0	0	
0	0	0	0	0	0	0	0	0	0	2	
0	0	0	0	0	0	0	2	0	0	0	
0	0	0	0	0	0	1	0	0	0	0	
0	0	0	0	2	0	0	0	0	0	0	
0	0	0	0	0	0	0	2	0	0	0	
0	0	0	0	0	0	2	0	0	0	0	
0	0	0	0	0	0	0	0	0	2	0	
0	0	0	0	0	0	0	0	0	0	1	
18
0	9
9	7
7	8
7	4
7	2
8	11
8	6
8	5
4	10
2	12
11	1
11	3
11	12
6	12
5	12
10	12
1	12
3	12
